time,x,y,z,phi,theta,psi,x_velocity,y_velocity,z_velocity,phi_velocity,theta_velocity,psi_velocity,rotor_speed1,rotor_speed2,rotor_speed3,rotor_speed4
0.06,9.363632672e-08,1.14434951031e-07,10.0034126268,0.000123534548268,6.28297062095,0.0,1.30583509989e-05,1.05417684785e-05,0.113748913046,0.00588810340455,-0.0119185196802,0.0,442.5430702058773,441.5611850921302,440.1840892544136,440.6709519413132
0.12000000000000001,8.04775035165e-06,5.09686702297e-06,10.0141246712,0.000734505765871,6.28253487678,0.0,0.000311876228731,0.000208049685641,0.243299723601,0.0176245289349,0.0007191167097,0.0,446.2903304225029,447.32055965261105,445.1168443152148,446.075994448717
0.18,3.93091943838e-05,3.62613331989e-05,10.0310748801,0.00187067145179,6.28287363455,0.0,0.000709834558355,0.000939244233711,0.321687727366,0.0214378487453,0.0140247210139,0.0,429.6085009289097,430.7349474080857,429.7936695394248,430.11665242431064
0.23999999999999996,8.49531878209e-05,0.000134898545559,10.0528040057,0.00301967149699,0.000620045509126,0.0,0.000723536448641,0.00246981743363,0.402590580375,0.014129603794,0.0183783739983,0.0,430.85982256391793,431.227592852234,431.10969139837033,430.49180666540445
0.3,0.000110148207417,0.000353592698511,10.0815227972,0.0037282539972,0.00152083867057,0.0,5.30716705177e-06,0.00490567189824,0.554640014829,0.00671138521099,0.00725144996308,0.0,453.3331054635272,452.43817921796335,454.02925027580136,453.4336688118262
0.36000000000000004,7.81762383548e-05,0.000724606118622,10.117208222,0.00447390544366,0.00212609494432,0.0,-0.00112303334731,0.0075200766431,0.634832212764,0.0219296799432,0.0152295119844,0.0,430.95701468887603,431.6306207580102,429.8736532705497,431.16100775529935
0.4200000000000001,-4.16001414586e-05,0.00128359233572,10.1605084535,0.00560197297512,0.00287367429248,0.0,-0.00296380965435,0.0112512318078,0.80840087975,0.0116667718983,0.00624776456352,0.0,460.9643445538568,460.2540144514918,459.9838474448992,459.1704506363092
0.48000000000000015,-0.000276895794447,0.00207005009987,10.2107882987,0.00591944301764,0.00352212041813,0.0,-0.00492957698754,0.0150171456179,0.867550097042,-0.0122126725397,0.0186458204167,0.0,424.6830537002107,425.7449114964734,424.6619063041129,422.608838317682
0.5400000000000001,-0.000655249369499,0.00309895302541,10.2672688763,0.00532726353147,0.0048442731135,0.0,-0.0078156356085,0.0192070783198,1.01501603113,-0.00555318215173,0.0280745225225,0.0,451.1458969747788,451.906467785106,453.19125618062117,453.72627272357016
0.6000000000000002,-0.00123327419412,0.00436286550646,10.3316802914,0.0050314435088,0.00621088094181,0.0,-0.0116138229952,0.0228899018292,1.13192160659,-0.00371280268166,0.00922027595613,0.0,443.66747359509884,442.116985810243,443.60286911191673,443.7540377762405
0.6600000000000003,-0.00204936149196,0.00583047877773,10.4008162615,0.00483992739996,0.00633395251441,0.0,-0.0156264808434,0.0260110205873,1.17256951427,-0.00216997432437,-0.0188575571262,0.0,420.34869681733284,417.9086984475495,418.72256122025965,418.8568061114857
0.7200000000000003,-0.00311718233792,0.00749372381513,10.4747851239,0.00486920899414,0.00511298501797,0.0,-0.0198434521344,0.0294250316515,1.2929313004,0.00533505564167,-0.0235136415743,0.0,444.2648082947536,443.88293546569105,445.0169019518008,445.63072805882047
0.7800000000000004,-0.00443924909591,0.00939372729551,10.5617916032,0.00579132860577,0.0037184418501,0.0,-0.0240361215368,0.0339964057822,1.60689827313,0.0302588840161,-0.0227053767541,0.0,502.2441435682254,502.3027745201377,500.47763853372663,502.28813289925995
0.8400000000000004,-0.00596257204955,0.0115754069815,10.6637253364,0.00735710151455,0.00291796019764,0.0,-0.0266219595156,0.0389198833338,1.79062246968,0.0161019733559,0.000786994721819,0.0,464.1981384352021,466.0379158475828,465.8183311165673,464.71014357091167
0.9000000000000005,-0.00761170083919,0.0140438954717,10.7712016418,0.00824614161964,0.00258420975195,0.0,-0.0283405981208,0.043444199361,1.79191830924,0.0121157613034,-0.0229620037356,0.0,408.70025318605536,406.57821896729456,407.8290232906269,407.4727627149926
0.9600000000000005,-0.00936225584501,0.0168302577328,10.8825153403,0.00883751671098,0.00132962324917,0.0,-0.0298717181956,0.0495030590579,1.91833433727,0.00490375918961,-0.0170927537765,0.0,448.0548124581163,448.53170325277273,448.6464050337551,448.0603812133031
1.0200000000000005,-0.0111761192833,0.0199684650087,10.9988667155,0.00886180741837,6.28312794843,0.0,-0.0304815525714,0.0551198947263,1.95997415326,-0.0105955761478,-0.0392545730216,0.0,423.330197401851,421.4188430416865,421.6024016048615,420.26119049310176
1.0800000000000005,-0.0129946848638,0.0234593832059,11.1198347677,0.00796138054826,6.28077951466,0.0,-0.0298933669529,0.0611644942486,2.07209826678,-0.025741332575,-0.0389135700671,0.0,445.0248575530561,445.05200495724296,444.500734080734,443.25795302742387
1.1400000000000006,-0.0147252494131,0.0272994924136,11.2487024487,0.00611022921617,6.27829753753,0.0,-0.027529700968,0.0666538189364,2.22321039566,-0.0437860743753,-0.0467868360424,0.0,456.0453382656913,455.4151780680818,458.82254429745564,457.38741493903825
1.2000000000000006,-0.0162847133369,0.0313947907153,11.3815453121,0.00344796928867,6.27501938378,0.0,-0.0242024736818,0.0696326678463,2.20492074071,-0.0455669086088,-0.0789402083698,0.0,404.26121521407316,401.35083640682245,402.610828497342,402.4483303728122
1.2600000000000007,-0.0175397814077,0.035636806284,11.5180129169,0.000705561677478,6.27051542908,0.0,-0.0171390128953,0.0714718629744,2.34372193381,-0.0459879529687,-0.0682701799917,0.0,451.90989958510124,452.76475387361336,455.0352983479564,455.00042430160676
1.3200000000000007,-0.0182268716185,0.0399309659585,11.6663916205,6.28179916033,6.26630954515,0.0,-0.0052515008446,0.0713702161233,2.60167830309,-0.0187818067263,-0.0740280966532,0.0,489.8115352201603,489.3798906978726,488.28648025567963,490.3112561584727
1.3800000000000008,-0.018088907965,0.0441725236198,11.8304509144,6.28098595015,6.26206237605,0.0,0.010387128989,0.0698955242758,2.86633063876,-0.00474019335467,-0.0649867000975,0.0,492.1457725755662,492.81117662715667,491.9333330322756,492.9720808608531
1.4400000000000008,-0.0169546137114,0.0483132565066,12.0081665425,6.28057913839,6.2578425586,0.0,0.0278768741582,0.0680905737947,3.05702332174,-0.0112090752838,-0.0840339387857,0.0,473.1730122391489,471.7007971748791,472.55166159857254,472.05285539666016
1.5000000000000009,-0.0146528333384,0.0523329558542,12.1978789321,6.2796877445,6.25293510726,0.0,0.0494211583361,0.0658101139587,3.26613360788,-0.023387105394,-0.0776472923142,0.0,478.87770676698096,479.35836780811576,478.92985382282194,478.00281787563847
1.560000000000001,-0.0110653501352,0.0562082623464,12.396204134,6.27963395255,6.24879026002,0.0,0.0705855169139,0.063314775464,3.34446572039,0.0247638509571,-0.0558976121326,0.0,439.32360962763767,441.11949589356374,438.37758481095557,442.36066735330087
1.620000000000001,-0.00606662715829,0.0599355506773,12.6010299853,6.28122940669,6.24587304077,0.0,0.0963585289166,0.061095797062,3.48263869531,0.0300147455005,-0.0370350659101,0.0,458.7092863591326,460.2033164270384,459.09075204505245,459.50733685189357
1.680000000000001,0.000256772959933,0.0635777756787,12.8066876215,6.28288583356,6.24352963001,0.0,0.114595857911,0.0604344371686,3.37293809719,0.0222962165389,-0.0434412659433,0.0,377.5374309332989,376.9177022929757,378.34566099364935,377.6020734812331
1.740000000000001,0.00785674260787,0.0672030280086,13.0094458729,0.00132730433272,6.24119791688,0.0,0.138953701274,0.0605407208405,3.38562085101,0.0353296029902,-0.0309959961006,0.0,418.73671826030386,419.81712564245646,419.62620302348995,420.75634610495405
1.8000000000000012,0.0170056720187,0.070868310405,13.2140935907,0.00344400338374,6.23956315152,0.0,0.166168569905,0.0618356283941,3.43580910285,0.0351755718544,-0.0206409061754,0.0,431.9431853473069,432.8153900673417,431.9104500620189,431.89803720672313
1.8600000000000012,0.027837786802,0.0746538511573,13.4222292465,0.00573795414168,6.23793603159,0.0,0.195026872576,0.0645624599697,3.5018351664,0.0437345218265,-0.0450273220475,0.0,438.48752081188337,436.45656448346546,437.3233338568999,438.03642595021313
1.9200000000000013,0.0407357242503,0.0786900647745,13.6408179205,0.008204133579,6.23538649631,0.0,0.2352008013,0.0703010245864,3.78354227394,0.0352401263141,-0.0378524427284,0.0,501.33320132616427,501.8534951789994,503.0414797925276,502.4266556136713
1.9800000000000013,0.0558600532857,0.0830894829014,13.8711504266,0.0110976382373,6.23279099804,0.0,0.269173506253,0.0766103379742,3.89381805497,0.0662006158446,-0.0571786944259,0.0,454.9252285405308,453.37390625544685,452.30456036685916,454.7925379742057
2.0400000000000014,0.0730320811269,0.0879229172286,14.1071306347,0.0151684487847,6.22952947049,0.0,0.303542673611,0.0848979758438,3.97189126646,0.0709497274492,-0.0492455262722,0.0,444.08314717486013,444.73146177357563,444.7033938354362,445.09570836788924
2.1000000000000014,0.0922289100867,0.0933065160864,14.345932298,0.0196190152542,6.2266295834,0.0,0.336609578639,0.0949447765144,3.98807882981,0.07995036044,-0.0465638397241,0.0,425.1116663106509,425.33986367154006,425.16509424187143,425.94014023112084
2.1600000000000015,0.113578764908,0.0994177361777,14.5877521909,0.0247745489496,6.22400543864,0.0,0.375303100555,0.109253830384,4.07225193941,0.0957806222874,-0.0386085287787,0.0,447.1598518101965,447.80641464718826,446.6433085890011,447.93853827366905
2.2200000000000015,0.137561524027,0.106607617904,14.8389762426,0.0307690239562,6.22126743228,0.0,0.424368616811,0.131097986025,4.30100063141,0.107090604726,-0.0658710822366,0.0,492.3788944626958,490.3565139862181,490.63493598342495,491.4814750456829
2.2800000000000016,0.164269440738,0.115108916174,15.0992505713,0.03733767376,6.21768187827,0.0,0.466243111141,0.152905821126,4.37447291179,0.113864877351,-0.0497153882855,0.0,445.73380868411715,447.0496848751465,446.555260003291,447.1180436800508
2.3400000000000016,0.193496316781,0.125015095192,15.3630047231,0.0443897973782,6.21511100447,0.0,0.508229497339,0.177942290488,4.41710939613,0.124011950931,-0.0317931782156,0.0,437.54353120243024,439.03210134073777,436.38337646786215,437.2422510607835
2.4000000000000017,0.225183304835,0.136489404262,15.6277924145,0.0518244888539,6.2132269708,0.0,0.548164916059,0.205174549348,4.40912025556,0.123710116926,-0.0306268110364,0.0,421.0757907722125,421.17628590334584,421.8782869730105,421.8670536263656
2.4600000000000017,0.259454002133,0.149844361188,15.8942968921,0.0588402128259,6.21124806865,0.0,0.594353631239,0.240679512831,4.47403813069,0.0977782256991,-0.0381638655293,0.0,445.77002790672157,445.1532054117011,445.9702896235295,443.8587886672144
2.520000000000002,0.296584968049,0.165502013219,16.1653640528,0.06468239099,6.20900322459,0.0,0.643542021241,0.281804858481,4.56111255996,0.0965403253531,-0.0359554656677,0.0,452.6942542139445,452.8713087887437,452.87451029013914,452.78284091423785
2.580000000000002,0.337315975078,0.184276809764,16.449717214,0.0700361157458,6.20642487154,0.0,0.714364500664,0.34470889004,4.91575360707,0.0676751041857,-0.0631760347027,0.0,530.8594558593225,528.9873265227114,531.4306896254643,529.4532622369177
2.640000000000002,0.381278332682,0.205966804534,16.7412116714,0.074191323976,6.2030626662,0.0,0.751329485869,0.378611087065,4.80114988319,0.0722352942996,-0.0446297774363,0.0,389.5616268881266,391.2895573289097,389.1260036616432,389.5571052535891
2.700000000000002,0.427890489241,0.23011015153,17.03061066,0.0786026552449,6.20081967909,0.0,0.802614136251,0.426558544999,4.84521071956,0.0759778509415,-0.0258362270078,0.0,441.6090956623529,443.15605363745,442.71622122518954,443.02831321232486
2.760000000000002,0.477449257958,0.25705337066,17.3206178889,0.0833302002398,6.1994571898,0.0,0.849465161337,0.471941792253,4.82172023795,0.0838958666808,-0.017090125925,0.0,420.8102989244838,421.56674858411236,420.8204723365987,421.5107232095617
2.820000000000002,0.530403318882,0.287364978846,17.6158885276,0.0882275874038,6.19837998719,0.0,0.91570888753,0.53894587187,5.01967380065,0.0766421865091,-0.019738209974,0.0,489.8519231582447,489.65504219591367,489.900262607268,489.36526136213143
2.880000000000002,0.58677780416,0.321206227552,17.9162600365,0.0924274652565,6.19701389832,0.0,0.9635444079,0.589471038727,4.99274398082,0.0514146525944,-0.0296451641368,0.0,422.20799203580947,421.3521612959433,423.49060554181494,421.3185358754194
2.940000000000002,0.646424384939,0.35855017222,18.2193573442,0.095538948728,6.19522086393,0.0,1.02480335246,0.655593510936,5.10987849652,0.0527301280941,-0.0303656358377,0.0,467.2453121152402,467.18890111454516,468.20596232794287,468.3098931718662
3.000000000000002,0.709817797807,0.399964733444,18.5298652933,0.0987632824587,6.19343960568,0.0,1.08843513785,0.725164274068,5.23968524512,0.0556830184361,-0.0283652106226,0.0,472.32741313441176,472.48147103230326,473.092451940951,473.32150581824527
3.0600000000000023,0.776946867146,0.44549370786,18.8468512242,0.102573899856,6.19207131851,0.0,1.14929961401,0.792777724097,5.32599807687,0.0757896855847,-0.0135212407691,0.0,461.08362995316907,462.25498466092176,459.66805815440125,461.2616038113535
3.1200000000000023,0.847765792713,0.495177485536,19.1691746277,0.107334195011,6.19132876814,0.0,1.21135059599,0.863761210126,5.41755804804,0.085625247384,-0.0101781997011,0.0,463.7087574664319,463.9714659808563,463.24328078474895,464.02089181231094
3.1800000000000024,0.922202925093,0.549081967867,19.4957217641,0.112005327859,6.19062121057,0.0,1.26990677809,0.933487873825,5.46698199817,0.053965353838,-0.0152344953573,0.0,451.9841172747449,451.576484899735,453.22443661082985,450.67663701228963
3.2400000000000024,1.00010651194,0.607180519904,19.8245969503,0.114903768258,6.18964357584,0.0,1.32693200822,1.00338310158,5.49527639563,0.0335083483689,-0.018501584391,0.0,446.9480384495,446.6817305623582,445.91742665657404,444.244221359765
3.3000000000000025,1.08157820316,0.669681175076,20.1565450059,0.117344898162,6.18860437954,0.0,1.38883970569,1.080132651,5.56918367554,0.0521428832619,-0.0150557279684,0.0,461.50798955128096,461.78002500472314,459.0608716260733,460.53818352035796
3.3600000000000025,1.16650076789,0.736490529105,20.4899954971,0.12033217001,6.18824342654,0.0,1.4419485818,1.14709788905,5.54584200579,0.0446062446289,0.00773552707594,0.0,430.91854265395824,432.8413184089953,430.0291632015851,429.39178389222405
3.4200000000000026,1.25437137709,0.807065181882,20.8195663845,0.123431958258,6.18872678489,0.0,1.48706040942,1.20564481131,5.44029111213,0.0629640578479,0.00868929366655,0.0,403.6123051996842,403.6982842942828,401.04803161128416,402.71433531823163
3.4800000000000026,1.34497120346,0.881242630617,21.1431566129,0.127233165426,6.18930859636,0.0,1.53290780359,1.26725260475,5.34640906981,0.0641207265168,0.0116394622538,0.0,405.44521657684555,405.7101286584274,406.11277828570775,406.21986595405934
3.5400000000000027,1.43885798534,0.959917180585,21.4669072894,0.131367335714,6.18982219665,0.0,1.59651185353,1.35555555642,5.44467302757,0.0770661137707,0.00155314872253,0.0,467.33704996744126,466.5499628523633,467.6917055358559,468.7023330561635
3.6000000000000028,1.53631638388,1.04364928462,21.7940920859,0.135895362452,6.18982861494,0.0,1.65205753092,1.43588902873,5.46126361623,0.0720623942325,-0.00295500819104,0.0,443.111534702077,442.7407077455049,444.0516291492652,443.6453720484628
3.660000000000003,1.63676003051,1.13178051092,22.1186283695,0.140718641989,6.18971007002,0.0,1.69609152455,1.50219339865,5.35699588619,0.0932791854927,-8.57014815903e-05,0.0,404.21062427667357,404.4692176774399,401.30421619528727,403.2316763007467
3.720000000000003,1.74053353004,1.22500228577,22.4442035093,0.146224341216,6.18918751363,0.0,1.76294149853,1.60566763399,5.49463436191,0.0885418384358,-0.0378246544425,0.0,481.84160990243294,478.9796570180203,480.56516143553085,480.2122653490511
3.780000000000003,1.84778630372,1.32369981292,22.7722980551,0.1515882025,6.18751062142,0.0,1.81229883727,1.68467597343,5.4419236326,0.0910555482793,-0.0132363468449,0.0,420.4797063858658,422.60453977323004,422.77774422306527,423.00142657507155
3.840000000000003,1.95865257161,1.42822147157,23.1037255992,0.156820050423,6.18646841339,0.0,1.88322727709,1.79980717271,5.60460773434,0.0780851971629,-0.0272809054871,0.0,489.8379823781126,488.7923615727324,490.02131628206877,489.06150604138037
3.900000000000003,2.07399891976,1.54008816964,23.4469470713,0.161905813151,6.18505995575,0.0,1.96167907408,1.92943592717,5.83464191057,0.0955642594324,-0.0167806239993,0.0,509.86617057945296,510.6159270381417,510.51148109175034,511.7621122840769
3.960000000000003,2.19321378995,1.65843242053,23.7952830187,0.167882431714,6.18407251879,0.0,2.01221976531,2.01583722673,5.77664529,0.106668922403,-0.0158183514292,0.0,425.8752868340657,425.95768116607843,425.1813736525252,426.1408672546886
4.020000000000002,2.31593894825,1.78284287913,24.1447515273,0.174414816904,6.18337529863,0.0,2.07860551169,2.13169132159,5.871511234,0.112949096201,-0.00432514671796,0.0,473.9665728705303,474.8493589852002,473.82708685514325,474.3193499148032
4.080000000000001,2.44230407039,1.91372516483,24.4964541928,0.180881704836,6.18291949025,0.0,2.13355823344,2.23157477917,5.85175554327,0.0946732915851,-0.0151094742124,0.0,439.7416896905159,438.84734043745567,441.3969060659644,439.89590600020426
4.14,2.57212251163,2.05097556671,24.848441094,0.186056542861,6.18215187309,0.0,2.19373604618,2.34384917856,5.88071053106,0.0585164316065,-0.00852345543157,0.0,455.80146426062646,456.3277385429369,457.1842600758673,454.2991269559757
4.199999999999998,2.70569341721,2.19529057529,25.2034594126,0.189416188902,6.18201410456,0.0,2.25856508275,2.46683696343,5.95260362859,0.0504030376551,0.00790900043095,0.0,469.20515004500993,470.4794693136927,470.5944455865922,469.96779479493114
4.259999999999997,2.8434700964,2.34764353624,25.5659152977,0.192289002192,6.18260126719,0.0,2.33377020131,2.61165700568,6.128035465,0.0422874784145,0.013298165975,0.0,501.96383432453007,502.35470775697854,501.9590823027479,501.37077976290607
4.319999999999996,2.98518612797,2.50769478794,25.9335319334,0.194345226479,6.18353865927,0.0,2.38996468368,2.72351158184,6.12568112446,0.00901458285392,0.0199089043127,0.0,450.3501504818084,450.8845779363876,452.0527390004658,449.3633281823526
4.379999999999995,3.13017050662,2.67432689303,26.3002501625,0.194971180298,6.18487899237,0.0,2.44269860356,2.83088180599,6.09828978422,0.0131275607055,0.026802373424,0.0,442.02404688291034,442.5919383819922,443.3294121650061,443.6671945751719
4.439999999999993,3.27820780183,2.84724623414,26.6645491662,0.195219010955,6.18640146719,0.0,2.49172295656,2.93311648597,6.04519687689,-0.0278736391792,0.0223545236253,0.0,434.51497628803656,434.1419676021237,436.19529936836534,432.7568256865504
4.499999999999992,3.42886287963,3.02570267328,27.0227364327,0.193535371839,6.18865838941,0.0,2.53001428787,3.01539273139,5.89519181363,-0.0284372641482,0.057713296885,0.0,398.3489268344127,401.5709561385607,401.0722733311088,401.02076582072516
4.559999999999991,3.58196320174,3.20945023384,27.3739440823,0.191571532384,6.19226125443,0.0,2.57304129458,3.10938334513,5.81218900428,-0.0431093588885,0.0643478858322,0.0,421.52786540123753,422.10370802204994,422.8418495869291,421.5751352461945
4.6199999999999894,3.73770290096,3.39905198394,27.7215527153,0.188611899473,6.19610204847,0.0,2.61791770142,3.21038966947,5.77500238865,-0.0662008935801,0.0633357144013,0.0,436.5971043480726,436.5156998149014,436.9892324742924,435.05787987109073
4.679999999999988,3.89597734261,3.59446606208,28.0660261594,0.184589133846,6.20023180042,0.0,2.65755579808,3.3030670748,5.70789140868,-0.068791550864,0.0780153539794,0.0,424.1726549060385,425.43550807507376,426.8232561324606,426.5984805219021
4.739999999999987,4.05672087826,3.79573609385,28.4085353982,0.180537606228,6.20457083481,0.0,2.70009561929,3.40546681398,5.70917482762,-0.0651076179905,0.057379909133,0.0,447.3799900353708,445.7001412950307,447.74122382857007,448.03752259312944
4.799999999999986,4.21980306867,4.00276583384,28.7495405192,0.1763710599,6.20860530324,0.0,2.73563661407,3.49514369613,5.65803250897,-0.0799402057407,0.0819321305157,0.0,429.2023839830359,431.2850026002972,430.23505071313735,428.97312049775314
4.859999999999984,4.38508960211,4.21544789723,29.0895517859,0.171735353074,6.21386779631,0.0,2.77338076577,3.59370613763,5.67572339118,-0.07238375483,0.0972883250247,0.0,450.56594987214584,451.81217371818724,451.3121909059142,451.9171653670248
4.919999999999983,4.55250027242,4.43386987219,29.4302584149,0.167309708525,6.22019227872,0.0,2.80636303462,3.68652685264,5.68129292231,-0.0766659201651,0.11804545089,0.0,447.1813558560715,448.87878685513715,447.0206638853043,446.6672888594911
4.979999999999982,4.72173525215,4.65769681474,29.7709601235,0.162854754719,6.22733187703,0.0,2.83411644487,3.77387899232,5.67564826831,-0.0698101272143,0.120822938638,0.0,443.01964666454495,443.2607893240961,443.6602107753831,444.21854927059655
5.0399999999999805,4.89255604534,4.88684652515,30.1124612411,0.158350342605,6.23441247347,0.0,2.85916875187,3.86391235989,5.70773553424,-0.088505864258,0.111695492697,0.0,455.91508122318066,455.1971643536156,455.29154495510073,453.78849621373286
